url,name,address,city,state,phone
http://www.mahoneysabol.com/,Results,"80 Plains Rd, Essex, CT 06426",Essex,CT,(860) 767-9999
https://www.reimscpa.com/,Results,"37 Pratt St # 1, Essex, CT 06426",Essex,CT,(860) 577-2800
http://crehangroup.com/,Results,"6 Main St #129, Centerbrook, CT 06409",Centerbrook,CT,(860) 767-1991
http://www.clearcutaccountingservices.com/,Results,"30 Mitchel Terrace, Ivoryton, CT 06442",Ivoryton,CT,(860) 767-6899
https://www.brodeurcpa.com/,Results,"10 Springbrook Rd, Old Saybrook, CT 06475",Old Saybrook,CT,(860) 388-4627
http://www.reedassociatescpas.com/,Results,"6 Main St #316, Centerbrook, CT 06409",Centerbrook,CT,(860) 395-1996
http://lawleyaccountingservices.com/,Results,"100 Amston Rd Unit A, Colchester, CT 06415",Colchester,CT,(860) 467-3116
http://www.essex.financial/,Results,"176 Westbrook Rd, Essex, CT 06426",Essex,CT,(860) 767-4300
https://www.pennypinchersllc.com/,Results,"10 Sunset Ave, Old Saybrook, CT 06475",Old Saybrook,CT,(860) 304-9464
https://gavintax.com/,Results,"26 Channelside Dr, Old Saybrook, CT 06475",Old Saybrook,CT,(860) 388-4500
https://www.essexct.gov/tax-collector,Results,"29 West Ave, Essex, CT 06426",Essex,CT,(860) 767-4340
